Category	Term	Count	%	PValue	Genes	List Total	Pop Hits	Pop Total	Fold Enrichment	Bonferroni	Benjamini	FDR
KEGG_PATHWAY	hsa05200:Pathways in cancer	75	26.881720430107524	2.675958224556481E-37	7046, 2353, 3320, 7040, 3481, 3480, 4292, 3439, 1019, 3914, 595, 673, 354, 1017, 4609, 3479, 675, 1499, 356, 238, 8648, 999, 637, 836, 3091, 5594, 1029, 3569, 1026, 367, 2950, 841, 2475, 4851, 207, 5468, 5743, 5747, 3845, 4790, 4792, 7422, 6772, 5366, 6774, 2099, 3265, 6093, 8030, 1910, 2248, 2247, 1956, 4824, 4088, 5970, 7157, 8202, 7039, 2100, 2264, 2064, 5290, 2260, 5292, 581, 5728, 387, 2335, 4312, 4313, 7428, 4436, 4318, 5925	218	533	8840	5.70597449093757	6.90397221935572E-35	6.90397221935572E-35	3.3449477806956014E-35
KEGG_PATHWAY	hsa05215:Prostate cancer	34	12.186379928315413	2.0115514469205112E-29	4790, 4792, 2078, 3265, 3320, 3480, 595, 673, 354, 1017, 3479, 1499, 4824, 1956, 5594, 7113, 5970, 7157, 7039, 2064, 5290, 2260, 2119, 5728, 1026, 367, 2950, 2475, 207, 5328, 3845, 4318, 5925, 6716	218	98	8840	14.068526493166074	5.189802733054919E-27	2.5949013665274594E-27	1.2572196543253196E-27
KEGG_PATHWAY	hsa05205:Proteoglycans in cancer	42	15.053763440860216	1.346058209279382E-26	7422, 7124, 6774, 3265, 2099, 7040, 6093, 3481, 3480, 595, 673, 4609, 2247, 3479, 1499, 356, 1432, 857, 836, 1956, 7099, 7057, 3091, 5594, 3791, 7157, 7291, 2064, 5290, 2260, 387, 960, 1026, 2335, 2475, 207, 4313, 79923, 5328, 5747, 3845, 4318	218	204	8840	8.34862385321101	3.472830179940806E-24	1.1576100599802685E-24	5.6085758719974245E-25
KEGG_PATHWAY	hsa05161:Hepatitis B	35	12.544802867383511	1.1277632205941146E-22	7046, 4790, 4792, 7124, 6772, 6774, 2353, 3265, 7040, 3439, 673, 1017, 4609, 356, 1432, 637, 836, 7099, 5594, 5111, 4088, 5970, 7157, 6885, 5290, 581, 5609, 3569, 1026, 841, 207, 3845, 4615, 4318, 5925	218	163	8840	8.707153711937863	2.9096291091328153E-20	7.274072772832038E-21	3.524260064356608E-21
KEGG_PATHWAY	hsa01522:Endocrine resistance	28	10.03584229390681	1.8890057789824946E-21	2353, 3265, 2099, 3480, 1019, 595, 673, 3479, 1432, 1956, 5594, 7157, 8202, 2100, 2064, 5290, 581, 1029, 1026, 2475, 4851, 207, 4313, 5469, 5747, 3845, 4318, 5925	218	99	8840	11.468816606431286	4.873634909774836E-19	9.747269819549672E-20	4.7225144474562363E-20
KEGG_PATHWAY	hsa05212:Pancreatic cancer	25	8.960573476702509	1.065474034996819E-20	7046, 4790, 7422, 6772, 6774, 7040, 1019, 595, 673, 675, 1956, 5594, 4088, 5970, 7157, 7039, 2064, 5290, 581, 1029, 1026, 2475, 207, 3845, 5925	218	77	8840	13.165733349219588	2.748923010291793E-18	4.581538350486322E-19	2.2197375729100393E-19
KEGG_PATHWAY	hsa04933:AGE-RAGE signaling pathway in diabetic complications	27	9.67741935483871	5.446217726317348E-20	5580, 7046, 4790, 7422, 7124, 6772, 6774, 3265, 7040, 1019, 595, 1432, 3553, 836, 5054, 7056, 5594, 4088, 5970, 5290, 581, 5292, 3569, 2335, 207, 4313, 3845	218	101	8840	10.840221636842585	1.4051241733898758E-17	2.0073202476998224E-18	9.725388796995265E-19
KEGG_PATHWAY	hsa05224:Breast cancer	31	11.11111111111111	1.0352192738521864E-19	2353, 3265, 2099, 3480, 1019, 595, 672, 673, 4609, 2248, 2247, 3479, 1499, 675, 8648, 1956, 5594, 7157, 8202, 2100, 2064, 5290, 2260, 581, 5728, 1026, 2475, 4851, 207, 3845, 5925	218	148	8840	8.493677163401935	2.670865726538641E-17	3.3385821581733014E-18	1.6175301153940413E-18
KEGG_PATHWAY	hsa05219:Bladder cancer	19	6.810035842293908	6.169850491034579E-19	7057, 5594, 7422, 7157, 3265, 2064, 1019, 1029, 595, 673, 4609, 1026, 4312, 999, 4313, 1956, 3845, 4318, 5925	218	41	8840	18.7916759901544	1.5918214266869215E-16	1.7686904740965794E-17	8.569236793103582E-18
KEGG_PATHWAY	hsa05210:Colorectal cancer	24	8.60215053763441	4.416395028697481E-18	7046, 5594, 4088, 7157, 5366, 7039, 2353, 3265, 7040, 5290, 581, 4292, 595, 673, 387, 4609, 1026, 1499, 2475, 207, 836, 4436, 1956, 3845	218	87	8840	11.186333438785196	1.1394299174039501E-15	1.13942991740395E-16	5.520493785871851E-17
KEGG_PATHWAY	hsa05163:Human cytomegalovirus infection	35	12.544802867383511	5.8302671949707025E-18	4790, 4792, 7422, 7124, 6774, 3265, 6093, 3439, 1019, 595, 4609, 3579, 1499, 356, 1432, 3553, 637, 836, 1956, 5594, 5970, 7157, 5290, 581, 1029, 387, 3569, 1026, 841, 2475, 207, 5743, 5747, 3845, 5925	218	226	8840	6.279938296663149	1.5042089363024413E-15	1.3674626693658557E-16	6.625303630648525E-17
KEGG_PATHWAY	hsa05417:Lipid and atherosclerosis	34	12.186379928315413	1.1631103958704208E-17	4790, 4792, 7124, 6774, 2353, 3265, 3320, 3439, 356, 1432, 3553, 637, 836, 6648, 7099, 5594, 5970, 7157, 6885, 5290, 581, 387, 5609, 3569, 1543, 841, 4312, 207, 5468, 5747, 3845, 4615, 4318, 3309	218	216	8840	6.382942575603127	3.0008248213456855E-15	2.500687351121405E-16	1.2115733290316883E-16
KEGG_PATHWAY	hsa05218:Melanoma	21	7.526881720430108	3.3812302581584725E-16	5594, 7157, 3265, 5290, 2260, 581, 3480, 5728, 1019, 1029, 595, 673, 2248, 1026, 2247, 3479, 999, 207, 1956, 3845, 5925	218	73	8840	11.665200452431822	8.593126210598712E-14	6.7104415892683535E-15	3.2511829405369926E-15
KEGG_PATHWAY	hsa05167:Kaposi sarcoma-associated herpesvirus infection	31	11.11111111111111	3.7576183964742535E-16	4790, 4792, 7422, 6772, 6774, 2353, 3265, 3439, 1019, 595, 4609, 2247, 1499, 1432, 637, 836, 3091, 5594, 5970, 7157, 5290, 581, 5609, 3569, 1026, 841, 2475, 207, 5743, 3845, 5925	218	196	8840	6.413592960119828	8.593126210598712E-14	6.924753902073981E-15	3.355016425423441E-15
KEGG_PATHWAY	hsa05225:Hepatocellular carcinoma	29	10.39426523297491	6.683889785724462E-16	6595, 7046, 6597, 3265, 7040, 3481, 3480, 1019, 595, 673, 4609, 1499, 6605, 1956, 8289, 5594, 4088, 7157, 7039, 5290, 581, 5728, 1029, 1026, 2950, 2475, 207, 3845, 5925	218	170	8840	6.91743119266055	1.7186252421197423E-13	1.1496290431446074E-14	5.569908154770386E-15
KEGG_PATHWAY	hsa05160:Hepatitis C	28	10.03584229390681	9.807984798290717E-16	4790, 4792, 7124, 6772, 6774, 3265, 3439, 1019, 595, 673, 1017, 4609, 1499, 356, 637, 836, 1956, 5594, 5970, 7157, 5290, 581, 6041, 1026, 841, 207, 3845, 5925	218	159	8840	7.140961283249669	2.5779378631796135E-13	1.5815375487243783E-14	7.662488123664623E-15
KEGG_PATHWAY	hsa04151:PI3K-Akt signaling pathway	40	14.336917562724013	2.4604934661366267E-15	4790, 7422, 3265, 3320, 3481, 3480, 3439, 1019, 3914, 595, 672, 1017, 4609, 2248, 2247, 3479, 356, 4602, 5934, 1956, 7099, 7057, 5594, 3791, 5970, 7157, 7039, 2264, 2064, 5290, 2260, 5728, 3569, 1026, 2335, 2475, 207, 3667, 5747, 3845	218	362	8840	4.480713670231639	6.301625887772389E-13	3.734160672136763E-14	1.8091863721592843E-14
KEGG_PATHWAY	hsa04218:Cellular senescence	27	9.67741935483871	6.401183996065258E-15	7046, 4790, 3265, 7040, 1019, 595, 1017, 4609, 1432, 11200, 5934, 5054, 5594, 4088, 4683, 5970, 7157, 5290, 5728, 1029, 3569, 1026, 2475, 207, 8878, 3845, 5925	218	157	8840	6.97364576637644	1.6613377340490842E-12	9.175030394360203E-14	4.4452666639342067E-14
KEGG_PATHWAY	hsa04068:FoxO signaling pathway	25	8.960573476702509	8.639346693989116E-15	7046, 6774, 3265, 7040, 3480, 595, 673, 1017, 3479, 356, 1432, 5934, 6648, 1956, 5594, 4088, 5290, 5728, 3569, 1026, 664, 3586, 207, 3667, 3845	218	132	8840	7.680011120378093	2.234212814755665E-12	1.1731323405522063E-13	5.683780719729681E-14
KEGG_PATHWAY	hsa05220:Chronic myeloid leukemia	20	7.168458781362006	1.6889242947888333E-14	7046, 4790, 5594, 4792, 4088, 5970, 7157, 3265, 7040, 5290, 581, 1019, 1029, 595, 673, 4609, 1026, 207, 3845, 5925	218	77	8840	10.53258667937567	4.353850613370014E-12	2.178712340277595E-13	1.0555776842430208E-13
KEGG_PATHWAY	hsa05206:MicroRNAs in cancer	36	12.903225806451612	2.32664349002308E-14	407014, 4790, 7422, 406985, 6774, 3265, 6093, 595, 672, 4609, 2146, 8626, 406937, 836, 6624, 1956, 7431, 7057, 5594, 7157, 2064, 5290, 5292, 5728, 1029, 387, 960, 1026, 2475, 4851, 5743, 648, 5328, 3667, 3845, 4318	218	312	8840	4.678899082568807	6.015188347419098E-12	2.85844771631407E-13	1.3849068392994524E-13
KEGG_PATHWAY	hsa05213:Endometrial cancer	18	6.451612903225806	2.5404367378330335E-14	5594, 7157, 3265, 2064, 5290, 581, 4292, 5728, 595, 673, 4609, 1026, 3611, 1499, 999, 207, 1956, 3845	218	59	8840	12.37132638780905	6.55941967409035E-12	2.979239447095103E-13	1.44342996467786E-13
KEGG_PATHWAY	hsa05223:Non-small cell lung cancer	19	6.810035842293908	8.640277585438682E-14	5594, 7157, 7039, 6774, 3265, 2064, 2272, 5290, 581, 1019, 1029, 595, 673, 1026, 238, 207, 1956, 3845, 5925	218	73	8840	10.554228980771647	2.2284840639485992E-11	9.69213746540513E-13	4.695803035564501E-13
KEGG_PATHWAY	hsa05214:Glioma	19	6.810035842293908	1.8446120643447462E-13	5594, 7157, 7039, 3265, 5290, 581, 3480, 5728, 1019, 1029, 595, 673, 1026, 3479, 2475, 207, 1956, 3845, 5925	218	76	8840	10.137614678899082	4.7577275452681533E-11	1.982957969170602E-12	9.607354501795553E-13
KEGG_PATHWAY	hsa05418:Fluid shear stress and atherosclerosis	24	8.60215053763441	3.6002820167893587E-13	4790, 7056, 3791, 7422, 5970, 7124, 7157, 6885, 2353, 3320, 5290, 7295, 387, 5609, 1499, 2950, 1432, 3553, 207, 4313, 857, 8878, 5747, 4318	218	141	8840	6.902205738824908	9.289169433657207E-11	3.5825795696286684E-12	1.7357459155177655E-12
KEGG_PATHWAY	hsa05235:PD-L1 expression and PD-1 checkpoint pathway in cancer	20	7.168458781362006	3.6103515042769526E-13	7099, 3091, 4790, 5594, 4792, 5970, 6772, 6774, 2353, 3265, 5290, 5728, 29126, 1432, 2475, 238, 207, 1956, 3845, 4615	218	90	8840	9.011213047910296	9.314948812289003E-11	3.5825795696286684E-12	1.7357459155177655E-12
KEGG_PATHWAY	hsa01521:EGFR tyrosine kinase inhibitor resistance	19	6.810035842293908	4.796618922984637E-13	5594, 3791, 7422, 7039, 6774, 3265, 2064, 5290, 581, 3480, 5728, 673, 3569, 2247, 3479, 2475, 207, 1956, 3845	218	80	8840	9.630733944954128	1.2374101743262145E-10	4.583435859740875E-12	2.220656908789184E-12
KEGG_PATHWAY	hsa05222:Small cell lung cancer	20	7.168458781362006	6.772986430167995E-13	4790, 4792, 5970, 7157, 2272, 5290, 581, 5728, 1019, 3914, 595, 1017, 4609, 1026, 2335, 5743, 207, 836, 5747, 5925	218	93	8840	8.72052875604222	1.7475554336954247E-10	6.240823210654795E-12	3.0236546563249976E-12
KEGG_PATHWAY	hsa04010:MAPK signaling pathway	33	11.827956989247312	1.3838020185626537E-12	7046, 4790, 7422, 7124, 2353, 3265, 7040, 3481, 3480, 673, 4609, 2248, 2247, 3479, 356, 1432, 3553, 836, 1956, 5594, 3791, 5970, 7157, 6885, 7039, 2264, 2064, 2260, 5609, 207, 1848, 3845, 4615	218	300	8840	4.460550458715597	3.5701575029634114E-10	1.1944603865753801E-11	5.787114276043509E-12
KEGG_PATHWAY	hsa05226:Gastric cancer	24	8.60215053763441	1.3889074262504421E-12	7046, 5594, 4088, 7157, 3265, 2064, 7040, 5290, 581, 4292, 595, 673, 1017, 4609, 2248, 1026, 2247, 1499, 2475, 999, 207, 1956, 3845, 5925	218	150	8840	6.488073394495414	3.583333629819663E-10	1.1944603865753801E-11	5.787114276043509E-12
KEGG_PATHWAY	hsa01524:Platinum drug resistance	18	6.451612903225806	1.923692395196909E-12	5594, 7157, 5366, 2067, 2064, 5290, 581, 4292, 672, 1029, 1026, 356, 2950, 841, 207, 637, 836, 4436	218	75	8840	9.73211009174312	4.963103261701463E-10	1.550976993627508E-11	7.514423418737926E-12
KEGG_PATHWAY	hsa04115:p53 signaling pathway	18	6.451612903225806	1.923692395196909E-12	7057, 5054, 7157, 5366, 581, 5728, 1019, 1029, 595, 1017, 2810, 1026, 3479, 841, 637, 11200, 836, 3732	218	75	8840	9.73211009174312	4.963103261701463E-10	1.550976993627508E-11	7.514423418737926E-12
KEGG_PATHWAY	hsa05162:Measles	23	8.24372759856631	2.2704772409181436E-12	7099, 4790, 4792, 5970, 6772, 7157, 6885, 6774, 2353, 5290, 581, 3439, 1019, 595, 3569, 1017, 356, 841, 3553, 207, 637, 836, 4615	218	139	8840	6.709788132796516	5.857934137765142E-10	1.775100388354185E-11	8.600292579235392E-12
KEGG_PATHWAY	hsa05169:Epstein-Barr virus infection	27	9.67741935483871	3.2410351120514037E-12	4790, 4792, 7124, 6772, 6774, 3439, 1019, 595, 1017, 4609, 1432, 637, 836, 7431, 5970, 7157, 6885, 5290, 581, 5609, 3569, 960, 1026, 841, 207, 4615, 5925	218	203	8840	5.393410765128576	8.361971115533606E-10	2.4593737026743003E-11	1.1915570264894866E-11
KEGG_PATHWAY	hsa05216:Thyroid cancer	13	4.659498207885305	3.81435506357467E-11	5594, 7157, 3265, 581, 8030, 595, 673, 4609, 1026, 1499, 999, 5468, 3845	218	37	8840	14.247458467641955	9.841048642655892E-9	2.8117245897207565E-10	1.3622696655623822E-10
KEGG_PATHWAY	hsa05142:Chagas disease	19	6.810035842293908	4.504098378762924E-11	7099, 7046, 4790, 5054, 5594, 4792, 5970, 7124, 2353, 7040, 5290, 3569, 356, 841, 1432, 3553, 3586, 207, 4615	218	103	8840	7.480181704818741	1.1620570394832441E-8	3.2279371714467624E-10	1.563923048181571E-10
KEGG_PATHWAY	hsa04210:Apoptosis	21	7.526881720430108	9.490689611234302E-11	4790, 5594, 4792, 5970, 7124, 7157, 5366, 2353, 3265, 5290, 9131, 581, 142, 356, 841, 153090, 207, 637, 836, 1508, 3845	218	136	8840	6.261467889908257	2.4485969585263945E-8	6.617832215401216E-10	3.2063140578494266E-10
KEGG_PATHWAY	hsa05165:Human papillomavirus infection	32	11.469534050179211	1.1060720665148517E-10	4790, 7422, 7124, 6772, 3265, 3439, 1019, 3914, 595, 1017, 1499, 356, 836, 5934, 1956, 7057, 5594, 5970, 7157, 5290, 581, 5728, 1026, 2335, 841, 2475, 4851, 207, 5743, 5747, 3845, 5925	218	333	8840	3.8967407774747227	2.8536654594901734E-8	7.509647188442941E-10	3.6383949556409595E-10
KEGG_PATHWAY	hsa04917:Prolactin signaling pathway	16	5.734767025089606	1.1851455548993288E-10	4790, 5594, 5970, 6772, 6774, 2353, 2001, 2100, 3265, 2099, 5290, 595, 1586, 1432, 207, 3845	218	71	8840	9.138131541542837	3.0576748688559974E-8	7.749338357131692E-10	3.7545243978351225E-10
KEGG_PATHWAY	hsa04066:HIF-1 signaling pathway	19	6.810035842293908	1.2014478073072391E-10	7099, 7076, 3091, 4790, 5054, 5594, 7422, 5970, 6774, 2064, 5290, 3480, 3569, 1026, 3479, 2475, 207, 7428, 1956	218	109	8840	7.068428583452572	3.0997353572814745E-8	7.749338357131692E-10	3.7545243978351225E-10
KEGG_PATHWAY	hsa05135:Yersinia infection	21	7.526881720430108	1.244624605235804E-10	7099, 4790, 5594, 4792, 5970, 7124, 6885, 2353, 5290, 6093, 387, 5609, 3569, 2335, 1432, 3553, 3586, 207, 925, 5747, 4615	218	138	8840	6.170721978460311	3.211130905622639E-8	7.832028003678962E-10	3.7945872110847686E-10
KEGG_PATHWAY	hsa05166:Human T-cell leukemia virus 1 infection	26	9.31899641577061	1.6487305939870872E-10	7046, 4790, 4792, 7124, 2353, 3265, 7040, 1019, 595, 1017, 4609, 11200, 5594, 4088, 5970, 7157, 5290, 581, 5728, 1029, 3569, 1026, 207, 4316, 3845, 5925	218	223	8840	4.727856173118854	4.253723417946276E-8	1.0127916505920678E-9	4.906936291628236E-10
KEGG_PATHWAY	hsa04550:Signaling pathways regulating pluripotency of stem cells	21	7.526881720430108	2.727744425092548E-10	5462, 5594, 4088, 6774, 3265, 3397, 2264, 5290, 2260, 3480, 4609, 2247, 3479, 1499, 1432, 3400, 207, 79923, 648, 6657, 3845	218	144	8840	5.913608562691131	7.037581073454646E-8	1.6080666668256107E-9	7.791020672604703E-10
KEGG_PATHWAY	hsa05202:Transcriptional misregulation in cancer	24	8.60215053763441	2.7424392767568556E-10	4790, 7113, 5970, 7157, 2078, 3087, 7490, 581, 3480, 2119, 2118, 3569, 4609, 1026, 2115, 3479, 4005, 5468, 648, 4613, 5328, 1848, 5747, 4318	218	193	8840	5.042544088986073	7.075493946295808E-8	1.6080666668256107E-9	7.791020672604703E-10
KEGG_PATHWAY	hsa04668:TNF signaling pathway	19	6.810035842293908	5.356353263586026E-10	4790, 5594, 4792, 5970, 7124, 6885, 2353, 5290, 5609, 3569, 841, 1432, 3553, 153090, 4323, 5743, 207, 836, 4318	218	119	8840	6.474442988204456	1.3819390143332555E-7	3.0709758711226546E-9	1.4878759065516737E-9
KEGG_PATHWAY	hsa04625:C-type lectin receptor signaling pathway	18	6.451612903225806	5.542786145509634E-10	5580, 4790, 5594, 4792, 5970, 6772, 7124, 3265, 5290, 387, 3569, 841, 1432, 3553, 3586, 5743, 207, 3845	218	105	8840	6.951507208387943	1.4300387451982033E-7	3.1087800555249686E-9	1.5061918873667484E-9
KEGG_PATHWAY	hsa04620:Toll-like receptor signaling pathway	18	6.451612903225806	1.0118211983972465E-9	7099, 4790, 5594, 4792, 5970, 6772, 7124, 6885, 2353, 5290, 3439, 5609, 3569, 841, 1432, 3553, 207, 4615	218	109	8840	6.696406026428752	2.610498310851028E-7	5.554252535882757E-9	2.6910138255245915E-9
KEGG_PATHWAY	hsa04936:Alcoholic liver disease	20	7.168458781362006	1.8920648707297927E-9	7099, 4790, 4792, 5970, 7124, 6885, 2194, 3439, 595, 10645, 5609, 3569, 356, 1499, 841, 1432, 3553, 207, 836, 4615	218	144	8840	5.632008154943935	4.881526095568134E-7	1.0169848680172635E-8	4.9272522675255015E-9
KEGG_PATHWAY	hsa04926:Relaxin signaling pathway	19	6.810035842293908	2.3366260890657307E-9	7046, 4790, 5594, 4792, 7422, 5970, 2353, 3265, 7040, 5290, 1910, 5609, 1432, 4312, 207, 4313, 1956, 3845, 4318	218	130	8840	5.926605504587156	6.028493566567761E-7	1.2241394968929477E-8	5.93090841517901E-9
KEGG_PATHWAY	hsa05207:Chemical carcinogenesis - receptor activation	24	8.60215053763441	2.372363366071604E-9	4790, 5594, 7367, 7422, 5970, 7421, 6774, 2353, 2100, 3265, 2099, 3320, 5290, 595, 4609, 2248, 1543, 2247, 367, 2475, 207, 1956, 3845, 5925	218	215	8840	4.526562833368893	6.120695749123328E-7	1.2241394968929477E-8	5.93090841517901E-9
KEGG_PATHWAY	hsa05140:Leishmaniasis	15	5.376344086021505	4.064826685733784E-9	7099, 4790, 5594, 4792, 5970, 6772, 7124, 6885, 2353, 7040, 1432, 3553, 3586, 5743, 4615	218	77	8840	7.8994400095317525	1.0487247401602673E-6	2.056324088077091E-8	9.962810504249472E-9
KEGG_PATHWAY	hsa05164:Influenza A	21	7.526881720430108	6.570861810655442E-9	7099, 4790, 5594, 4792, 7113, 5970, 6772, 7124, 5290, 581, 6041, 3439, 1019, 3569, 356, 841, 3553, 207, 637, 836, 4615	218	172	8840	4.950928098997227	1.6952809270831537E-6	3.2601583599021236E-8	1.5795340890998658E-8
KEGG_PATHWAY	hsa04659:Th17 cell differentiation	17	6.093189964157706	6.9142884979695885E-9	7046, 3091, 4790, 5594, 4792, 4088, 5970, 6772, 6774, 2353, 3320, 7040, 2625, 3569, 1432, 3553, 2475	218	108	8840	6.382942575603127	1.7838848416218411E-6	3.3658234575021774E-8	1.6307284193324503E-8
KEGG_PATHWAY	hsa05221:Acute myeloid leukemia	14	5.017921146953405	7.820567625561579E-9	4790, 5594, 5970, 6774, 3265, 5290, 5292, 595, 673, 4609, 2475, 207, 1848, 3845	218	68	8840	8.34862385321101	2.017704422874189E-6	3.736493421101643E-8	1.810316579991106E-8
KEGG_PATHWAY	hsa04657:IL-17 signaling pathway	16	5.734767025089606	8.492914972782376E-9	4790, 5594, 4792, 5970, 7124, 6885, 2353, 3320, 3569, 841, 1432, 3553, 4312, 5743, 836, 4318	218	95	8840	6.829550941574119	2.191169659826464E-6	3.983949205414278E-8	1.930207948359631E-8
KEGG_PATHWAY	hsa05132:Salmonella infection	25	8.960573476702509	9.891642397609543E-9	4790, 4792, 7124, 2353, 3265, 3320, 4609, 1499, 1432, 3553, 836, 7099, 5594, 5970, 6885, 5290, 581, 7295, 83547, 387, 5609, 3569, 841, 207, 4615	218	251	8840	4.03889031031836	2.5520404938195185E-6	4.5572209617558245E-8	2.2079558923235586E-8
KEGG_PATHWAY	hsa05170:Human immunodeficiency virus 1 infection	23	8.24372759856631	1.0373859510782778E-8	7099, 4790, 5594, 4792, 5970, 7124, 6885, 2353, 3265, 5290, 581, 3439, 5609, 356, 841, 1432, 2475, 207, 637, 836, 5747, 3845, 4615	218	213	8840	4.378688030322609	2.676452195871093E-6	4.618008960206318E-8	2.237407441960426E-8
KEGG_PATHWAY	hsa05145:Toxoplasmosis	17	6.093189964157706	1.0381570530696375E-8	7099, 4790, 5594, 4792, 5970, 6772, 7124, 6885, 6774, 7040, 3914, 841, 1432, 3586, 207, 836, 4615	218	111	8840	6.210430614100339	2.678441613834792E-6	4.618008960206318E-8	2.237407441960426E-8
KEGG_PATHWAY	hsa05152:Tuberculosis	21	7.526881720430108	1.4529833696211859E-8	7099, 4790, 5594, 5970, 6772, 7124, 7421, 7040, 581, 3439, 387, 3569, 841, 1432, 3553, 3586, 207, 8877, 637, 836, 4615	218	180	8840	4.730886850152905	3.7486900876793072E-6	6.353723887496032E-8	3.078354596655055E-8
KEGG_PATHWAY	hsa04012:ErbB signaling pathway	15	5.376344086021505	1.8065810505939926E-8	5594, 7039, 3265, 2064, 5290, 673, 5609, 4609, 1026, 2475, 207, 145957, 5747, 1956, 3845	218	86	8840	7.072754427138895	4.660968292435896E-6	7.768298517554168E-8	3.7637105220708184E-8
KEGG_PATHWAY	hsa04510:Focal adhesion	22	7.885304659498208	2.2291102188514674E-8	7057, 5594, 3791, 7422, 3265, 2064, 5290, 6093, 3480, 5728, 3914, 595, 673, 387, 3479, 3611, 1499, 2335, 207, 857, 5747, 1956	218	203	8840	4.3946309938084696	5.751087890581985E-6	9.428039942027517E-8	4.567848809121859E-8
KEGG_PATHWAY	hsa05203:Viral carcinogenesis	22	7.885304659498208	2.6545057080251053E-8	4790, 5594, 4792, 5970, 7157, 5366, 6774, 3265, 5290, 581, 1019, 1029, 595, 387, 1017, 1026, 841, 10013, 836, 5934, 3845, 5925	218	205	8840	4.351756545088387	6.848601355802231E-6	1.1046168914039955E-7	5.351826024244164E-8
KEGG_PATHWAY	hsa04722:Neurotrophin signaling pathway	17	6.093189964157706	3.249665089140852E-8	5580, 4790, 5594, 4792, 5970, 7157, 3265, 5290, 581, 673, 387, 5609, 356, 1432, 207, 3667, 3845	218	120	8840	5.744648318042814	8.38410092829367E-6	1.329877823182216E-7	6.443206507665775E-8
KEGG_PATHWAY	hsa04211:Longevity regulating pathway	15	5.376344086021505	3.298921731924877E-8	4790, 5970, 7157, 3265, 5290, 581, 3480, 10645, 3479, 2475, 207, 5468, 3667, 6648, 3845	218	90	8840	6.758409785932722	8.51118199840517E-6	1.329877823182216E-7	6.443206507665775E-8
KEGG_PATHWAY	hsa05131:Shigellosis	24	8.60215053763441	3.935076499879612E-8	5580, 7099, 4790, 5594, 4792, 5970, 7124, 7157, 6885, 5290, 6093, 581, 387, 960, 664, 3611, 1432, 3553, 2475, 207, 8878, 5747, 1956, 4615	218	249	8840	3.9084779484912127	1.0152446028088846E-5	1.5619226722599076E-7	7.567454807460793E-8
KEGG_PATHWAY	hsa04071:Sphingolipid signaling pathway	17	6.093189964157706	4.1269127434946893E-8	4790, 5594, 5970, 7124, 7157, 3265, 5290, 6093, 581, 5728, 387, 1432, 8879, 207, 8877, 637, 3845	218	122	8840	5.650473755451948	1.0647378417716347E-5	1.5657992467965143E-7	7.586236660835825E-8
KEGG_PATHWAY	hsa04660:T cell receptor signaling pathway	17	6.093189964157706	4.1269127434946893E-8	4790, 5594, 4792, 5970, 7124, 6885, 2353, 3265, 5290, 1019, 387, 5609, 1432, 3586, 207, 925, 3845	218	122	8840	5.650473755451948	1.0647378417716347E-5	1.5657992467965143E-7	7.586236660835825E-8
KEGG_PATHWAY	hsa04919:Thyroid hormone signaling pathway	17	6.093189964157706	4.1269127434946893E-8	3091, 5594, 6772, 7157, 8202, 3265, 2099, 5290, 595, 4609, 1499, 2475, 8648, 4851, 207, 5469, 3845	218	122	8840	5.650473755451948	1.0647378417716347E-5	1.5657992467965143E-7	7.586236660835825E-8
KEGG_PATHWAY	hsa04015:Rap1 signaling pathway	22	7.885304659498208	4.788218080986432E-8	7057, 5594, 3791, 7422, 3265, 3397, 2264, 5290, 2260, 3480, 673, 387, 2248, 1500, 2247, 3479, 1499, 1432, 999, 207, 1956, 3845	218	212	8840	4.208066470486411	1.2353526630537459E-5	1.7903771954992746E-7	8.674308117729043E-8
KEGG_PATHWAY	hsa04520:Adherens junction	15	5.376344086021505	5.072306057526723E-8	7046, 5594, 4088, 6885, 2064, 6093, 2260, 3480, 6591, 387, 1500, 1499, 999, 6615, 1956	218	93	8840	6.540396567031666	1.308646431996685E-5	1.8695070897741352E-7	9.057689388440577E-8
KEGG_PATHWAY	hsa05230:Central carbon metabolism in cancer	13	4.659498207885305	1.2632179450020536E-7	3091, 5594, 7157, 3265, 2064, 5290, 2260, 5728, 4609, 2475, 207, 1956, 3845	218	71	8840	7.424731877503555	3.2590493949880006E-5	4.5902849269088707E-7	2.223975255285306E-7
KEGG_PATHWAY	hsa05208:Chemical carcinogenesis - reactive oxygen species	22	7.885304659498208	1.438033719671842E-7	5580, 3091, 4790, 5594, 8644, 4792, 7422, 5970, 2353, 3265, 5290, 5728, 673, 5609, 1543, 1432, 207, 4513, 5747, 6648, 1956, 3845	218	226	8840	3.9473897864739795	3.710058439687636E-5	5.152954162157434E-7	2.4965863188747256E-7
KEGG_PATHWAY	hsa04621:NOD-like receptor signaling pathway	20	7.168458781362006	1.7067183790154047E-7	5580, 7099, 4790, 5594, 4792, 5970, 6772, 7124, 6885, 3320, 6041, 7295, 3439, 387, 3569, 841, 1432, 3553, 1508, 4615	218	189	8840	4.291053832338236	4.4032368478719164E-5	6.031963586109238E-7	2.9224629777661036E-7
KEGG_PATHWAY	hsa04932:Non-alcoholic fatty liver disease	18	6.451612903225806	2.678294847840018E-7	4790, 5970, 7124, 2353, 7040, 5290, 581, 3569, 356, 841, 1432, 3553, 207, 5468, 637, 4513, 836, 3667	218	157	8840	4.649097177584293	6.909762898399396E-5	9.337838793820603E-7	4.5241467024324633E-7
KEGG_PATHWAY	hsa04380:Osteoclast differentiation	17	6.093189964157706	3.525363570324817E-7	7046, 4790, 5594, 4792, 5970, 6772, 7124, 6885, 2353, 7040, 5290, 5609, 1432, 3553, 207, 5468, 8878	218	142	8840	4.854632381444632	9.09502599115708E-5	1.2127250681917368E-6	5.875605950541362E-7
KEGG_PATHWAY	hsa05133:Pertussis	13	4.659498207885305	3.6835094977032547E-7	7099, 4790, 5594, 5970, 7124, 2353, 387, 3569, 1432, 3553, 3586, 836, 4615	218	78	8840	6.758409785932722	9.503004689548344E-5	1.2504545400097891E-6	6.058403779117195E-7
KEGG_PATHWAY	hsa05321:Inflammatory bowel disease	12	4.301075268817205	4.2315841331412656E-7	2625, 7099, 3569, 4790, 4088, 5970, 6772, 7124, 3553, 3586, 6774, 7040	218	65	8840	7.486238532110092	1.0916893437118436E-4	1.4178554627927877E-6	6.869454761592963E-7
KEGG_PATHWAY	hsa05134:Legionellosis	11	3.942652329749104	8.568752232002225E-7	7099, 3569, 4790, 664, 4792, 5970, 7124, 841, 3553, 836, 4615	218	56	8840	7.965268676277851	2.2104946727286023E-4	2.834279584431505E-6	1.3731974730772798E-6
KEGG_PATHWAY	hsa05211:Renal cell carcinoma	12	4.301075268817205	9.185303419276677E-7	673, 3091, 5594, 1026, 7422, 7039, 3265, 207, 7428, 7040, 5290, 3845	218	70	8840	6.951507208387943	2.36952859282491E-4	2.9997573192068136E-6	1.4533707941893475E-6
KEGG_PATHWAY	hsa04915:Estrogen signaling pathway	16	5.734767025089606	1.4453225472902514E-6	5580, 5594, 8202, 7039, 2353, 2100, 3265, 2099, 3320, 5290, 8648, 207, 4313, 1956, 3845, 4318	218	139	8840	4.667678701075837	3.728239705467207E-4	4.661165215011061E-6	2.258316480141018E-6
KEGG_PATHWAY	hsa04370:VEGF signaling pathway	11	3.942652329749104	1.66519143752492E-6	5594, 7422, 3791, 1432, 3265, 5743, 207, 8877, 5290, 5747, 3845	218	60	8840	7.434250764525994	4.295274752293965E-4	5.303943097301597E-6	2.5697398727236418E-6
KEGG_PATHWAY	hsa04014:Ras signaling pathway	20	7.168458781362006	5.673318671110902E-6	4790, 5594, 3791, 7422, 5970, 7039, 3265, 2264, 5290, 2260, 3481, 3480, 387, 2248, 356, 2247, 3479, 207, 1956, 3845	218	238	8840	3.4076015727391873	0.0014626496530306676	1.7850197770080643E-5	8.64835163279101E-6
KEGG_PATHWAY	hsa05146:Amoebiasis	13	4.659498207885305	7.558631773324713E-6	7099, 4790, 5970, 7124, 7040, 5290, 3914, 3569, 2335, 3553, 3586, 836, 5747	218	103	8840	5.11801906119177	0.0019482340911531892	2.3495505994190074E-5	1.13834815863324E-5
KEGG_PATHWAY	hsa05130:Pathogenic Escherichia coli infection	18	6.451612903225806	9.642248177538616E-6	7099, 4790, 5594, 4792, 5970, 7124, 6885, 2353, 6093, 581, 387, 3569, 356, 841, 1432, 3553, 836, 4615	218	203	8840	3.595607176752384	0.0024846202322040822	2.9615476545297178E-5	1.4348583597527702E-5
KEGG_PATHWAY	hsa04140:Autophagy - animal	16	5.734767025089606	1.631361176568587E-5	5580, 3091, 5594, 6885, 3265, 5290, 3480, 5728, 10645, 664, 2475, 207, 1508, 8878, 3667, 3845	218	169	8840	3.83909668313338	0.004200100967285625	4.951660982996417E-5	2.399060553777334E-5
KEGG_PATHWAY	hsa05171:Coronavirus disease - COVID-19	19	6.810035842293908	2.1119991424172816E-5	7099, 4790, 5594, 4792, 7113, 5970, 6772, 7124, 6885, 6774, 2353, 5290, 3439, 3569, 1432, 3553, 4312, 1956, 4615	218	238	8840	3.237221494102228	0.005434196373646727	6.335997427251844E-5	3.069766195373956E-5
KEGG_PATHWAY	hsa04913:Ovarian steroidogenesis	9	3.225806451612903	2.9733519492402317E-5	1588, 8644, 1543, 3479, 1586, 5743, 3284, 3283, 3480	218	51	8840	7.155963302752293	0.0076420122787753675	8.817526470160688E-5	4.272057398333666E-5
KEGG_PATHWAY	hsa04935:Growth hormone synthesis, secretion and action	13	4.659498207885305	4.259455186737624E-5	5594, 6772, 6774, 2353, 3265, 5290, 3479, 1432, 2475, 207, 3667, 5747, 3845	218	122	8840	4.320950518875019	0.010929463066088663	1.2487948161117124E-4	6.0503624811613973E-5
KEGG_PATHWAY	hsa04931:Insulin resistance	12	4.301075268817205	7.042331562509137E-5	5728, 5580, 3569, 4790, 4792, 5970, 7124, 6774, 2475, 207, 3667, 5290	218	109	8840	4.464270684285835	0.018005778662009364	2.041484879918379E-4	9.89091511588362E-5
KEGG_PATHWAY	hsa04062:Chemokine signaling pathway	16	5.734767025089606	7.719911011686614E-5	5580, 4790, 5594, 4792, 5970, 6772, 6774, 3265, 5290, 6093, 673, 387, 3579, 207, 5747, 3845	218	193	8840	3.3616960593240486	0.019721083611685564	2.213041156683496E-4	1.0722098627342519E-4
KEGG_PATHWAY	hsa04934:Cushing syndrome	14	5.017921146953405	1.0829090186162295E-4	5594, 1395, 3284, 3283, 1019, 1029, 595, 673, 1017, 1026, 1499, 1586, 1956, 5925	218	155	8840	3.6626220775377334	0.027553838125279118	3.070225569263596E-4	1.4875123882091064E-4
KEGG_PATHWAY	hsa04213:Longevity regulating pathway - multiple species	9	3.225806451612903	1.2523317848145172E-4	3479, 2475, 3265, 207, 3667, 5290, 6648, 3845, 3480	218	62	8840	5.8863569103285	0.03179572237898376	3.51197391828419E-4	1.701537751106681E-4
KEGG_PATHWAY	hsa04150:mTOR signaling pathway	14	5.017921146953405	1.3154854892773567E-4	5594, 7124, 3265, 5290, 3480, 5728, 673, 387, 3479, 2475, 207, 3667, 10641, 3845	218	158	8840	3.5930786203692957	0.03337219882677178	3.610587832271894E-4	1.7493158102092508E-4
KEGG_PATHWAY	hsa04110:Cell cycle	14	5.017921146953405	1.3154854892773567E-4	5111, 4088, 7157, 7040, 1019, 1029, 595, 1017, 2810, 4609, 1026, 11200, 5934, 5925	218	158	8840	3.5930786203692957	0.03337219882677178	3.610587832271894E-4	1.7493158102092508E-4
KEGG_PATHWAY	hsa04217:Necroptosis	14	5.017921146953405	1.4020325239069413E-4	7099, 6772, 7124, 6774, 3320, 9131, 581, 142, 3439, 356, 841, 3553, 637, 8878	218	159	8840	3.5704806416248345	0.035528479783330735	3.8076251701893774E-4	1.8447796367196599E-4
KEGG_PATHWAY	hsa05415:Diabetic cardiomyopathy	16	5.734767025089606	1.5310685085542157E-4	5580, 7046, 4790, 4088, 5970, 7040, 5290, 142, 5728, 1432, 2475, 207, 4313, 4513, 3667, 4318	218	205	8840	3.164913850973372	0.03873445996797442	4.1147466167394545E-4	1.9935787871799683E-4
KEGG_PATHWAY	hsa04152:AMPK signaling pathway	12	4.301075268817205	1.9489495640236663E-4	595, 10645, 3479, 2203, 6885, 2475, 5468, 207, 3667, 5290, 2194, 3480	218	122	8840	3.988569709730787	0.04904429929989784	5.183803995032019E-4	2.511532943329467E-4
KEGG_PATHWAY	hsa05144:Malaria	8	2.867383512544803	1.984656275364084E-4	7099, 7057, 3569, 7124, 3553, 3586, 7040, 4615	218	50	8840	6.488073394495413	0.04992011999522328	5.22491141881565E-4	2.531449330821536E-4
KEGG_PATHWAY	hsa05010:Alzheimer disease	23	8.24372759856631	2.3091109696195256E-4	4790, 5594, 5970, 7124, 4311, 3265, 5290, 673, 5609, 201266, 3569, 1499, 841, 3553, 55334, 2475, 5743, 207, 637, 4513, 836, 3667, 3845	218	391	8840	2.385321100917431	0.05784167223636105	6.017683132947854E-4	2.915544153560007E-4
KEGG_PATHWAY	hsa04630:JAK-STAT signaling pathway	14	5.017921146953405	2.428443716970701E-4	6772, 6774, 3265, 5290, 5292, 3439, 595, 3569, 4609, 1026, 3586, 2475, 207, 1956	218	168	8840	3.3792048929663614	0.06073859947286875	6.218979843436932E-4	3.013071629572157E-4
KEGG_PATHWAY	hsa04064:NF-kappa B signaling pathway	11	3.942652329749104	2.4345618766943028E-4	7099, 4790, 4792, 5970, 7124, 6885, 3553, 5743, 5328, 4615, 142	218	105	8840	4.248143294014854	0.06088688484765259	6.218979843436932E-4	3.013071629572157E-4
KEGG_PATHWAY	hsa05143:African trypanosomiasis	7	2.5089605734767026	2.5113004191114883E-4	3569, 356, 7124, 3553, 3586, 3250, 4615	218	37	8840	7.67170840565336	0.06274481170864532	6.352112824811411E-4	3.077574043028785E-4
KEGG_PATHWAY	hsa04920:Adipocytokine signaling pathway	9	3.225806451612903	2.9555784267928123E-4	10645, 4790, 4792, 5970, 7124, 6774, 2475, 207, 3667	218	70	8840	5.2136304062909575	0.07342954727871642	7.403293535073259E-4	3.586867022806811E-4
KEGG_PATHWAY	hsa04350:TGF-beta signaling pathway	11	3.942652329749104	3.0655160059850914E-4	7057, 387, 7046, 4609, 5594, 4088, 7124, 3400, 3397, 7040, 6093	218	108	8840	4.130139313625552	0.07605472756729048	7.6048377840784E-4	3.684514430270542E-4
KEGG_PATHWAY	hsa04914:Progesterone-mediated oocyte maturation	11	3.942652329749104	3.8277238160421706E-4	6790, 673, 1017, 5594, 3479, 1432, 3320, 207, 5290, 3845, 3480	218	111	8840	4.018513926770807	0.09405273376711909	9.40526423370362E-4	4.55681406671687E-4
KEGG_PATHWAY	hsa04810:Regulation of actin cytoskeleton	16	5.734767025089606	5.262841980343677E-4	5594, 3265, 2264, 28964, 5290, 6093, 2260, 673, 387, 2248, 2247, 2335, 207, 5747, 1956, 3845	218	230	8840	2.820901475867571	0.1269976798018203	0.0012809558782345932	6.206181580593958E-4
KEGG_PATHWAY	hsa01523:Antifolate resistance	6	2.1505376344086025	7.349369779226096E-4	3569, 4790, 5970, 7124, 3553, 239	218	30	8840	8.110091743119266	0.17277905197703647	0.0017720910308788157	8.585712358908991E-4
KEGG_PATHWAY	hsa00140:Steroid hormone biosynthesis	8	2.867383512544803	7.618642791616608E-4	1588, 8644, 1543, 7367, 1586, 3284, 3283, 6716	218	62	8840	5.232317253625333	0.17851031548385765	0.0018200091113306342	8.817873601408111E-4
KEGG_PATHWAY	hsa04664:Fc epsilon RI signaling pathway	8	2.867383512544803	0.0014461459670207053	5609, 5594, 7124, 1432, 3265, 207, 5290, 3845	218	69	8840	4.7015024597792845	0.31159345180349185	0.003422987701755431	0.0016584242741063135
KEGG_PATHWAY	hsa04148:Efferocytosis	12	4.301075268817205	0.0015614316901197383	682, 7057, 3091, 5594, 1432, 3586, 5468, 5743, 8877, 836, 7040, 5747	218	156	8840	3.119266055045872	0.33179763834840015	0.0036622670550081134	0.0017743541933178846
KEGG_PATHWAY	hsa05120:Epithelial cell signaling in Helicobacter pylori infection	8	2.867383512544803	0.0017104692809127673	4790, 3579, 4792, 5970, 1432, 28964, 836, 1956	218	71	8840	4.569065770771418	0.35704395823521407	0.0039487661856144295	0.0019131619116348985
KEGG_PATHWAY	hsa04662:B cell receptor signaling pathway	9	3.225806451612903	0.0017141930728248689	4790, 5594, 4792, 5970, 2353, 3265, 207, 5290, 3845	218	91	8840	4.010484927916121	0.35766243262761954	0.0039487661856144295	0.0019131619116348985
KEGG_PATHWAY	hsa04658:Th1 and Th2 cell differentiation	9	3.225806451612903	0.0018386632836494693	2625, 4790, 5594, 4792, 5970, 6772, 1432, 2353, 4851	218	92	8840	3.966892700438772	0.37799787543841235	0.00419800997505808	0.002033919561559147
KEGG_PATHWAY	hsa04622:RIG-I-like receptor signaling pathway	8	2.867383512544803	0.0018559775127766354	3439, 4790, 4792, 5970, 7124, 1432, 841, 6885	218	72	8840	4.505606523955148	0.3807753258418666	0.00420037016049449	0.0020350630622550827
KEGG_PATHWAY	hsa04912:GnRH signaling pathway	9	3.225806451612903	0.0019701653466210685	5580, 5609, 5594, 1432, 4323, 3265, 4313, 1956, 3845	218	93	8840	3.9242379402189997	0.3987858217984447	0.004420023125462919	0.0021414840724142048
KEGG_PATHWAY	hsa04928:Parathyroid hormone synthesis, secretion and action	10	3.584229390681003	0.002028942798111284	2625, 673, 387, 5594, 1026, 7421, 2353, 4323, 2260, 1956	218	115	8840	3.5261268448344634	0.4078521945283855	0.0045126486371785445	0.0021863607738268147
KEGG_PATHWAY	hsa04960:Aldosterone-regulated sodium reabsorption	6	2.1505376344086025	0.0022077581644463417	2810, 5594, 3479, 3667, 5290, 3845	218	38	8840	6.4027040077257364	0.4346053548713136	0.004868389798522703	0.002358715987656348
KEGG_PATHWAY	hsa04371:Apelin signaling pathway	11	3.942652329749104	0.0023010434345974136	595, 7046, 5054, 5594, 4088, 2475, 3265, 999, 207, 8877, 3845	218	140	8840	3.1861074705111405	0.4480806150011929	0.005031094967170616	0.002437546011226074
KEGG_PATHWAY	hsa05231:Choline metabolism in cancer	9	3.225806451612903	0.0029225135456082524	3091, 5594, 2475, 2353, 3265, 207, 5290, 1956, 3845	218	99	8840	3.6864053377814847	0.530042233199431	0.006323953884915701	0.003063931145792491
KEGG_PATHWAY	hsa05100:Bacterial invasion of epithelial cells	8	2.867383512544803	0.0029413738999607914	387, 3611, 1499, 2335, 999, 857, 5290, 5747	218	78	8840	4.159021406727829	0.5323301713201014	0.006323953884915701	0.003063931145792491
KEGG_PATHWAY	hsa05022:Pathways of neurodegeneration - multiple diseases	23	8.24372759856631	0.003691942551493509	4790, 5594, 5970, 7124, 3265, 581, 673, 5609, 3569, 2876, 356, 1499, 841, 1432, 3553, 2475, 5743, 637, 4513, 836, 8878, 3845, 3309	218	483	8840	1.9309742245522064	0.6149121715241181	0.00787207585359773	0.0038139902391461865
KEGG_PATHWAY	hsa04623:Cytosolic DNA-sensing pathway	8	2.867383512544803	0.004170781014918094	3439, 3569, 4790, 4792, 5970, 841, 3553, 836	218	83	8840	3.908477948491213	0.6598306745751272	0.008820176244662853	0.004273341203809522
KEGG_PATHWAY	hsa04921:Oxytocin signaling pathway	11	3.942652329749104	0.004575964419609649	595, 10645, 387, 5594, 1026, 2353, 3265, 5743, 6093, 1956, 3845	218	154	8840	2.896461336828309	0.6937361452373061	0.009598364392351948	0.004650370345131757
KEGG_PATHWAY	hsa04650:Natural killer cell mediated cytotoxicity	10	3.584229390681003	0.0046350145847142855	3439, 673, 5594, 356, 7124, 3265, 637, 836, 5290, 3845	218	130	8840	3.119266055045872	0.6983879559253348	0.009643820668195852	0.004672393734591013
KEGG_PATHWAY	hsa04390:Hippo signaling pathway	11	3.942652329749104	0.005239415319903222	595, 7046, 5054, 4609, 4088, 1499, 3397, 999, 6657, 7040, 6591	218	157	8840	2.841114941857068	0.7421359602565332	0.01081415322028025	0.005239415319903222
KEGG_PATHWAY	hsa04930:Type II diabetes mellitus	6	2.1505376344086025	0.00564596632391942	5580, 5594, 7124, 2475, 3667, 5290	218	47	8840	5.1766543041186805	0.7679464186911178	0.011560788187073096	0.00564596632391942
KEGG_PATHWAY	hsa04910:Insulin signaling pathway	10	3.584229390681003	0.006822685571558624	673, 5594, 2203, 2475, 3265, 207, 3667, 5290, 2194, 3845	218	138	8840	2.9384390373620533	0.8290330740419	0.013860258877654527	0.006822685571558624
KEGG_PATHWAY	hsa04215:Apoptosis - multiple species	5	1.7921146953405016	0.007408381141581003	841, 5366, 637, 836, 581	218	32	8840	6.3360091743119265	0.8531696658314156	0.01493251823849921	0.007408381141581003
KEGG_PATHWAY	hsa04670:Leukocyte transendothelial migration	9	3.225806451612903	0.007617697253478304	387, 1500, 1499, 1432, 4313, 5290, 5747, 6093, 4318	218	116	8840	3.146156279658336	0.86094557940198	0.015235394506956608	0.007617697253478304
KEGG_PATHWAY	hsa05323:Rheumatoid arthritis	8	2.867383512544803	0.008205867642988921	7099, 3569, 7422, 7124, 3553, 2353, 4312, 7040	218	94	8840	3.4511028694124537	0.8806682731889607	0.0162854911683934	0.008205867642988921
KEGG_PATHWAY	hsa04072:Phospholipase D signaling pathway	10	3.584229390681003	0.011030099805694974	387, 5594, 3579, 2475, 3265, 207, 8877, 5290, 1956, 3845	218	149	8840	2.721507296348747	0.9428214620372523	0.02172340267075804	0.011030099805694974
KEGG_PATHWAY	hsa04137:Mitophagy - animal	8	2.867383512544803	0.014576087164381118	3091, 664, 5970, 7157, 665, 3265, 8878, 3845	218	105	8840	3.08955875928353	0.9773661205378983	0.028489624912199456	0.014576087164381118
KEGG_PATHWAY	hsa04730:Long-term depression	6	2.1505376344086025	0.015568932170762176	673, 5594, 3479, 3265, 3845, 3480	218	60	8840	4.055045871559633	0.9825494027613887	0.030201387218470988	0.015568932170762176
KEGG_PATHWAY	hsa04929:GnRH secretion	6	2.1505376344086025	0.02135438020611174	5594, 2100, 3265, 207, 5290, 3845	218	65	8840	3.743119266055046	0.9961861130852389	0.04111514994908082	0.02135438020611174
KEGG_PATHWAY	hsa04020:Calcium signaling pathway	13	4.659498207885305	0.02253179712948243	3791, 7422, 4486, 7039, 2264, 2064, 2260, 1910, 2248, 2247, 8877, 2925, 1956	218	254	8840	2.075417178357293	0.9972043630369414	0.043060767847455314	0.02253179712948243
KEGG_PATHWAY	hsa04726:Serotonergic synapse	8	2.867383512544803	0.022896898599221813	673, 5594, 247, 239, 3265, 5743, 836, 3845	218	115	8840	2.820901475867571	0.9974612433329818	0.043436763519111965	0.022896898599221813
KEGG_PATHWAY	hsa04310:Wnt signaling pathway	10	3.584229390681003	0.027755072562982496	55366, 595, 387, 4609, 4088, 1499, 84445, 7157, 6885, 4316	218	174	8840	2.330486133080249	0.999298339586532	0.05226867679744149	0.027755072562982496
KEGG_PATHWAY	hsa04714:Thermogenesis	12	4.301075268817205	0.029940039937908496	8289, 6595, 6597, 1432, 2475, 3265, 5468, 4513, 6605, 2260, 23028, 3845	218	235	8840	2.0706617216474723	0.9996073248521523	0.05597485727522023	0.029940039937908496
KEGG_PATHWAY	hsa05168:Herpes simplex virus 1 infection	21	7.526881720430108	0.03150244787084487	4790, 4792, 5970, 6772, 7124, 7157, 6885, 5290, 581, 6041, 3439, 3569, 356, 841, 3553, 2475, 6732, 207, 637, 836, 4615	218	522	8840	1.6313402931561742	0.9997409282467968	0.058472169429337965	0.03150244787084487
KEGG_PATHWAY	hsa04640:Hematopoietic cell lineage	7	2.5089605734767026	0.03467160842430929	3569, 960, 7124, 3553, 4311, 925, 928	218	99	8840	2.8672041516078215	0.9998887831670895	0.06389482123908426	0.03467160842430929
KEGG_PATHWAY	hsa05020:Prion disease	13	4.659498207885305	0.04099160820501094	5580, 5594, 7124, 5290, 581, 3569, 1432, 3553, 4851, 857, 4513, 836, 3309	218	278	8840	1.8962444723120588	0.9999795741033944	0.075005921396403	0.04099160820501094
KEGG_PATHWAY	hsa04613:Neutrophil extracellular trap formation	10	3.584229390681003	0.0474057189808349	7099, 4790, 5594, 5970, 1432, 6885, 2475, 207, 10013, 5290	218	192	8840	2.112003058103976	0.9999963837685094	0.0861315175848972	0.0474057189808349
KEGG_PATHWAY	hsa04024:cAMP signaling pathway	11	3.942652329749104	0.0516957317817318	673, 387, 4790, 5594, 4792, 5970, 2353, 1395, 207, 5290, 6093	218	226	8840	1.9736948932369898	0.9999988714833743	0.0932692223754322	0.0516957317817318
KEGG_PATHWAY	hsa03440:Homologous recombination	4	1.4336917562724014	0.07874846672492433	672, 675, 4683, 7517	218	41	8840	3.9561423137167155	0.9999999993549673	0.1410910028821561	0.07874846672492433
KEGG_PATHWAY	hsa05416:Viral myocarditis	5	1.7921146953405016	0.08905732523268126	595, 841, 857, 637, 836	218	69	8840	2.9384390373620533	0.9999999999646255	0.15846062006918457	0.08905732523268126
KEGG_PATHWAY	hsa05332:Graft-versus-host disease	4	1.4336917562724014	0.09285323191349067	3569, 356, 7124, 3553	218	44	8840	3.686405337781485	0.999999999987955	0.16408310844986707	0.09285323191349067
KEGG_PATHWAY	hsa04750:Inflammatory mediator regulation of TRP channels	6	2.1505376344086025	0.09604409245074848	5580, 3479, 1432, 3553, 239, 5290	218	99	8840	2.4576035585209897	0.9999999999951472	0.16819271833053487	0.09604409245074848
KEGG_PATHWAY	hsa05204:Chemical carcinogenesis - DNA adducts	5	1.7921146953405016	0.09648264462371768	1543, 7367, 2950, 9, 5743	218	71	8840	2.8556661067321363	0.9999999999957183	0.16819271833053487	0.09648264462371768