EntrezID
5157
6716
7157
672
7076
7057
5728
1499
7555
4513
2064
367
4904
23600
239
653247
5934
3283
7367
3579
6790
407014
55294
3817
4477
354
4609
10481
675
2115
7113
2119
2118
2078
2876
7421
7515
2067
3569
5743
3914
595
1019
6885
1910
5290
2194
130540
841
100048912
238
4005
3553
4790
5468
836
637
356
142
23028
1672
9520
6664
960
7422
3397
6648
5820
4323
3480
8289
2950
8648
8202
644914
2247
1500
7517
4602
100316868
378938
3197
999
4851
1432
3091
6774
43847
6041
8314
83547
6277
6597
6595
10178
1017
22936
2475
8405
7099
10013
8878
5111
6732
5594
5580
2353
7124
5970
387
3845
648
2146
22853
6928
57045
1848
207
8932
84445
10300
4318
247
9566
8000
7046
4088
857
7040
6623
55334
4313
5747
10232
6624
1543
3586
3732
3611
23136
51755
3169
11200
57332
682
25803
2264
406985
1956
2
8452
8019
6046
23476
58164
2335
7490
10562
10395
28964
4613
7295
3087
5925
3284
5317
11187
581
1302
3429
7039
153090
3309
6615
23089
64769
7428
25996
5054
5122
7431
3791
5462
3667
3479
10761
80086
6863
9753
79611
928
6605
8879
8877
7291
4157
9131
664
406937
3320
5366
673
2925
6591
6657
4311
23301
8030
3250
5292
22882
3265
4824
8644
7056
2625
8626
201266
4582
6772
100507249
925
29126
665
4601
4292
4436
4683
2260
5074
140738
406920
1026
7020
4316
1316
4792
5469
10894
79923
7349
1395
2001
5187
2810
9
9040
10641
1029
4486
2203
7543
55366
2483
84299
1508
5609
6093
5947
2099
2100
3481
3400
3439
4118
4615
1586
1588
23030
60500
389816
2248
5328
145957
9575
4312
1191
10645
2272
